[24]
[ 0 17 16  4 12 12 12  2 19  4  3 10 12 12 12 12 24]
[ 0  4 12 22]
[ 6 24 12 10 10 24 16 12  4  2 24 10  4 12 25  9  6  6  4 16 23  2 24 10
 12 12]
[ 4 12 12 12]
[ 4 12  4 12]
[12  2 12]
[16  4  3  2  3 16  4 24  4  0 16 19  3 12  2 24 12  2  2 12]
[12 12]
[ 2 16  4 12 12  4  4 12 12]
[12  5 16 12 10 12  5 12 12 10 12 12  9  4 12  3  2 12 12  4 12  5 12 12
 12 12 12  4 12]
[ 0 18  0  9 12 12  9  9  6  5 24  3  5  2 24  4 12 18 18 12 20  4  2 24
 12  2]
[12 12 13 25  2  0 12 20 12  1  1 20  4 25  4 20 24 20 24  3 12 10 10 10
  4  4  7]
[ 4  4  4 12]
[ 4 12  4 12 12 12 24 18 12 12 10 12  2]
[ 9 10  2  2  0  4 18 10 12 12]
